220
240
219
243
219
246
219
249
219
252
218
255
218
258
217
261
216
264
216
267
215
270
214
273
212
276
211
279
210
282
209
285
207
288
206
290
204
293
202
296
200
298
199
301
197
303
195
306
192
308
190
310
188
312
186
315
183
317
181
319
178
320
176
322
173
324
170
326
168
327
165
329
162
330
159
331
156
332
153
334
150
335
147
336
144
336
141
337
138
338
135
338
132
339
129
339
126
339
123
339
120
340
116
339
113
339
110
339
107
339
104
338
101
338
98
337
95
336
92
336
89
335
86
334
83
332
80
331
77
330
74
329
71
327
69
326
66
324
63
322
61
320
58
319
56
317
53
315
51
312
49
310
47
308
44
306
42
303
40
301
39
298
37
296
35
293
33
290
32
288
30
285
29
282
28
279
27
276
25
273
24
270
23
267
23
264
22
261
21
258
21
255
20
252
20
249
20
246
20
243
20
240
20
236
20
233
20
230
20
227
21
224
21
221
22
218
23
215
23
212
24
209
25
206
27
203
28
200
29
197
30
194
32
191
33
189
35
186
37
183
39
181
40
178
42
176
44
173
47
171
49
169
51
167
53
164
56
162
58
160
61
159
63
157
66
155
69
153
71
152
74
150
77
149
80
148
83
147
86
145
89
144
92
143
95
143
98
142
101
141
104
141
107
140
110
140
113
140
116
140
119
140
123
140
126
140
129
140
132
140
135
141
138
141
141
142
144
143
147
143
150
144
153
145
156
147
159
148
162
149
165
150
168
152
170
153
173
155
176
157
178
159
181
160
183
162
186
164
188
167
190
169
192
171
195
173
197
176
199
178
200
181
202
183
204
186
206
189
207
191
209
194
210
197
211
200
212
203
214
206
215
209
216
212
216
215
217
218
218
221
218
224
219
227
219
230
219
233
219
236
219
239
